[ 8799.248430] [Project1] 3499 1587904085.809407241, 1587904086.554028836
[ 8800.795305] [Project1] 3500 1587904087.306826275, 1587904088.100975423
[ 8802.288707] [Project1] 3501 1587904088.853519577, 1587904089.594426629
[ 8803.795731] [Project1] 3502 1587904090.348013693, 1587904091.101475726
[ 8805.303749] [Project1] 3503 1587904091.858493274, 1587904092.609494714
[ 8806.798811] [Project1] 3504 1587904093.362396901, 1587904094.104552882
[ 8808.286118] [Project1] 3505 1587904094.852836273, 1587904095.591821408
[ 8809.782270] [Project1] 3506 1587904096.346866044, 1587904097.087931640
[ 8811.299324] [Project1] 3507 1587904097.847152604, 1587904098.604911621
[ 8812.814091] [Project1] 3508 1587904099.368469798, 1587904100.119592677
